 -0.2631
  -1.088
 -0.8972
  0.5943
   1.337
   1.198
  0.8203
 -0.1917
 -0.7217
 -0.6136
 -0.7076
-0.08303
  0.9257
  0.9306
  0.1331
 -0.5922
  -1.106
 -0.5812
  0.3397
  0.8972
   1.403
   1.406
  0.8209
 -0.2329
  -1.032
   -1.41
  -1.132
 -0.3453
  0.2424
  0.2396
-0.07908
  0.3981
  0.4473
 -0.1339
  0.1641
  0.5146
-0.03855
 -0.3062
  0.4307
  0.3466
-0.08802
  0.5296
  0.8749
  0.1467
 -0.5143
 -0.8138
  -1.213
  -1.019
 -0.2451
   0.813
   1.015
  0.5006
  0.2807
-0.03551
 -0.4182
-0.05917
  0.2177
 -0.2366
-0.08907
-0.03989
 -0.1178
  0.4721
   0.703
  0.2373
-0.04193
 -0.1901
  -0.707
   -0.91
 -0.5003
 0.07043
  0.8621
  0.8687
  0.2973
-0.05822
 0.01645
  0.5373
  0.4048
 0.03383
 0.06357
  0.1626
 -0.0153
 0.01561
 -0.3039
   -1.07
 -0.8494
 -0.2626
-0.05498
  0.3239
  0.5714
  0.6026
  0.6021
   0.263
 -0.3651
 -0.5296
 -0.1705
 -0.5231
  -1.164
  -1.278
 -0.9345
  0.1073
   1.132
   1.214
  0.9624
  0.3778
 -0.8254
   -1.14
 -0.6501
-0.03623
  0.3951
  0.4572
  0.5726
  0.4656
  0.2215
  0.1281
 0.02636
 -0.5857
 -0.8234
 -0.1237
 0.006069
  -0.378
 0.05262
  0.7904
   1.003
  0.4396
 -0.1663
  -1.186
  -1.819
 -0.6851
  0.9077
   1.441
   1.072
  0.6957
 -0.5767
  -1.615
  -1.232
 -0.6396
-0.07143
   0.609
  0.8693
  0.3426
  0.2931
  0.7417
  0.6155
-0.07573
 -0.8348
 -0.9335
   -0.88
 -0.4352
  0.1047
 -0.2833
 -0.8728
 -0.5907
   0.211
  0.7137
  0.8837
   0.983
   1.126
  0.9579
-0.01757
  -1.032
  -1.293
   -1.04
 0.03062
   1.026
   0.686
 -0.5025
 -0.8762
  -0.907
 -0.8438
 -0.1334
  0.3875
  0.3972
  0.5564
  0.6641
 0.02801
 -0.2904
  0.1597
  0.6466
  0.7275
 0.03411
  -1.123
 -0.8756
  0.3622
  0.6649
  0.6584
  0.4239
 -0.6254
 -0.8071
 -0.3778
 -0.4637
 -0.3586
  0.5233
   1.191
  0.6431
 -0.2822
 -0.8843
 -0.9255
 -0.5136
  0.8673
   1.643
  0.5234
-0.02002
  0.3535
  0.5068
  0.5709
  0.1849
 -0.7802
 -0.9884
  -0.585
 0.03489
  0.6863
  0.3602
 -0.3227
 -0.4647
 -0.6291
 -0.7312
 -0.2382
 -0.0168
   0.164
  0.6071
   0.755
  0.8368
  0.4522
 -0.7654
  -1.941
  -2.148
  -1.231
  0.5262
   1.528
   1.092
   0.638
  0.1668
 -0.1306
  0.4972
  0.8452
  0.2824
   -0.31
 -0.8975
 -0.8258
 -0.4573
 -0.4827
 -0.3168
 -0.2627
 0.004932
  0.7688
    1.53
   1.047
  0.2055
 -0.1606
 -0.8819
 -0.9729
 -0.7442
 -0.4689
-0.09983
  0.7405
   1.194
  0.6272
-0.02928
 -0.3142
  -0.341
  -0.289
  0.3103
  0.4992
  0.3913
   0.449
  0.2842
-0.08355
 -0.7409
  -1.379
  -1.215
 -0.6302
 -0.3515
 0.07577
  0.3221
 0.06159
  0.4331
  0.7282
-0.01722
 -0.5723
 -0.1036
   0.579
  0.6836
  0.4531
 -0.1674
  -1.107
  -1.121
 0.09862
   1.157
     1.3
   1.155
  0.8643
  0.5391
 -0.1946
  -1.136
  -1.069
 -0.5207
 -0.2315
  0.6426
   1.218
  0.7068
  0.1148
 -0.2553
 -0.4875
 -0.4958
  0.1475
  0.6146
  0.7763
  0.6088
  0.1782
  -0.346
 -0.8322
 -0.6364
 -0.2695
-0.07519
-0.02102
  0.3732
  0.7099
  0.4569
 0.07824
 -0.4775
   -1.14
  -1.313
 -0.2826
  0.5336
  0.6854
  0.7368
   0.529
  0.2337
-0.02172
 -0.2328
 -0.5536
 -0.4944
-0.03508
   0.254
  0.2284
  0.4216
   0.316
  0.2737
  0.7066
  0.1132
   -1.33
  -1.789
 -0.7382
  0.4198
    1.42
    1.45
  0.1238
 -0.4695
 -0.1074
  0.2261
  0.3799
-0.09823
  -1.191
  -1.133
  0.2931
  0.7447
  0.1538
 -0.2931
 -0.9676
  -1.027
-0.09457
  0.3669
 0.09377
  0.5059
  0.8584
  0.1542
 -0.4003
  -0.347
-0.08023
  0.7555
   1.156
  0.5299
  0.2247
 0.08962
  -0.376
 -0.2214
  0.2144
  0.1805
  0.3433
  0.3848
 -0.3683
 -0.8403
 -0.4543
  0.1156
  0.9032
   1.078
  0.4586
 -0.2261
 -0.9015
 -0.5661
  0.5311
  0.4274
-0.09664
-0.03452
 -0.3022
  -0.178
  0.2544
   0.164
  0.4392
  0.4371
  0.1702
  0.4088
  0.3663
 -0.4435
 -0.5207
 -0.4857
  -0.643
  0.4867
   1.214
  0.3992
 -0.8922
   -1.68
  -1.418
 -0.1999
  0.8486
     1.2
  0.5354
 -0.4825
 -0.4795
-0.04284
 -0.2394
-0.04831
  0.2576
 -0.2754
  0.1198
  0.6006
 0.04695
  0.0742
 0.08259
 -0.8927
  -1.141
 -0.4717
  0.3408
   1.404
   1.134
 -0.3354
  -1.341
  -1.137
 -0.4777
  0.1454
  0.3081
  0.1659
  0.4847
  0.7676
  0.5636
 0.02412
 -0.1785
 -0.5621
 -0.5257
 -0.1747
-0.04249
 0.09088
  0.1918
 0.09231
-0.09321
 0.05718
  0.4969
  0.8568
  0.2125
  -1.043
  -1.224
 -0.5439
  -0.142
 0.01371
  0.1924
  0.7267
   1.116
   1.171
  0.6476
 -0.3422
  -1.016
 -0.7752
 -0.2407
 -0.0242
-0.06515
 -0.5038
 -0.3378
  0.6639
   1.231
    0.91
  0.3223
 -0.6617
   -1.24
 -0.4116
  0.1434
  0.2576
  0.7084
  0.5585
 -0.2682
 -0.3242
  0.3592
  0.3257
  0.2792
  0.4027
 -0.3429
 -0.4646
-0.02708
 -0.4709
 -0.9396
 -0.5318
 -0.0147
  0.4875
  0.9919
  0.7175
 -0.1054
  -1.051
  -1.137
 -0.2924
  0.3249
  0.6571
  0.7182
 0.01618
-0.06651
  0.6005
  0.5924
  0.5584
  0.7197
-0.005854
 -0.7303
   -0.58
 -0.5664
 -0.8721
 -0.6798
-0.009321
  0.5343
  0.6303
  0.5924
-0.01031
 -0.9683
  -1.025
 -0.3395
  0.2637
  0.5311
  0.4709
  0.3602
 0.09231
 -0.5512
 -0.6647
  0.1117
  0.6394
  0.3844
  0.1647
  -0.306
  -0.779
 -0.1939
   1.317
   1.515
  0.1844
 -0.4712
 -0.2746
 0.04603
  0.1265
 -0.3798
  -1.131
 -0.8996
-0.07707
  0.6491
  0.7383
  0.3782
-0.09367
 -0.7164
  -1.147
 -0.9977
 -0.5091
 -0.1233
  0.6432
   1.139
  0.8829
   0.762
  0.6221
 -0.3479
 -0.6253
 -0.2811
 -0.8147
 -0.8961
 0.04751
    0.54
   0.242
  0.4112
 0.07704
  -1.004
 -0.9803
 0.09941
  0.7181
  0.4501
  0.2989
 0.02678
 -0.4074
-0.03397
  0.8171
   1.113
  0.6837
 -0.3332
   -0.69
 -0.1921
-0.06509
 0.08455
  0.4914
-0.01593
  -1.247
 -0.9599
  0.2306
   0.436
  0.5419
  0.2531
  -0.713
  -1.265
   -1.08
 -0.2423
  0.6455
    1.07
  0.7323
 -0.2193
  -1.332
  -1.549
 -0.6681
  0.1442
    0.67
   1.095
   0.819
  0.5666
  0.4488
-0.07461
 0.007173
  0.6456
   0.502
 -0.3425
 -0.8906
 -0.9723
 -0.3134
  0.3606
  0.5486
  0.3685
 -0.2508
 -0.7656
  -0.313
  0.4147
  0.4901
  0.6801
  0.3268
 -0.6204
 -0.7746
 -0.6327
 -0.5475
 0.08757
   1.033
   1.278
  0.7844
 -0.1646
  -1.022
   -1.07
 -0.8898
 -0.3501
  0.4381
   0.755
  0.5092
 0.05393
 -0.5207
 -0.6971
-0.005424
   1.129
   1.895
  0.7648
 -0.6426
 -0.8045
 -0.6082
 -0.1997
  0.2476
  0.3312
  0.2275
-0.01494
 -0.4979
 -0.6114
  -0.381
 -0.1085
   0.739
  0.8581
 -0.3484
 -0.9515
 -0.7491
 -0.5884
 -0.2269
  0.6024
  0.6373
  0.6182
  0.7351
  0.4929
 0.06998
 -0.6696
  -1.155
 -0.7962
-0.04763
  0.7312
   1.265
   0.613
  0.1418
  0.1559
 -0.2708
 -0.6405
 -0.3035
 -0.2489
  0.2732
   1.622
    1.13
-0.09213
 -0.4147
 -0.3343
 -0.3361
 -0.1158
 0.02503
 -0.5657
 -0.6037
   0.287
   1.033
  0.7673
 0.06381
 -0.7801
  -1.644
  -1.317
 -0.2152
  0.4007
  0.5214
  0.2205
 0.07943
  0.1145
  0.1005
  0.5881
    1.38
   1.097
   0.304
 -0.3049
 -0.7585
 -0.2237
  0.5066
 0.05267
 -0.7484
 -0.8768
 -0.3345
  0.6162
  0.5771
  -0.225
  -0.476
  0.2872
  0.7869
  0.5527
 0.05333
 -0.3241
-0.05476
  0.5244
  0.5467
 -0.4018
  -1.232
 -0.9038
 -0.1418
  0.4959
    1.05
   1.179
  0.8859
  0.5611
-0.08396
  -1.032
  -1.062
 -0.4736
 0.01436
  0.4367
  0.6449
  0.3571
  0.1328
  0.2106
 -0.2812
  -1.165
  -1.254
 -0.3569
  0.5529
  0.7257
   0.315
 -0.5204
 -0.6617
  0.4048
   1.029
  0.5617
 -0.1581
 -0.5724
 -0.6511
 -0.2975
 -0.1623
 -0.3872
 -0.6935
 -0.7906
 0.05582
  0.9769
   1.004
 -0.1355
  -1.342
 -0.6409
   1.339
    1.73
  0.2427
 -0.8167
  -1.297
 -0.7876
  0.6544
  0.8594
     0.1
  0.3007
  0.8506
  0.7887
   0.513
 -0.4031
  -1.023
 -0.1506
  0.5231
  0.5256
 0.04515
 -0.5644
 -0.8955
 -0.9749
 -0.3572
 -0.0205
 -0.1254
  0.1989
   0.464
 0.08255
-0.04811
  0.3246
 0.07991
 -0.2469
 -0.3075
 -0.1897
 0.07813
  0.6811
   1.423
  0.6254
 -0.7645
  -1.267
 -0.9373
  0.1026
   1.457
   1.435
 -0.1462
 -0.9287
 -0.9311
 -0.5374
  0.7551
  0.8845
-0.05195
 0.07495
  0.2128
 -0.4474
 -0.4941
  -0.445
 -0.9554
 -0.2856
  0.9912
   1.202
   1.169
  0.4904
 -0.6753
  -1.449
  -1.249
 -0.1931
 0.07387
 -0.1256
   0.298
  0.7733
  0.5499
  0.1415
 -0.3196
 -0.5505
  0.1341
  0.7338
  0.7181
  0.3673
 -0.2745
 -0.2878
  0.1671
-0.004182
-0.08822
-0.05251
 -0.5936
 -0.5887
 0.01712
  0.5092
  0.9984
  0.9117
 -0.3368
  -1.465
  -1.575
  -1.087
 -0.2002
   0.924
   1.074
  0.5805
  0.3368
-0.01811
-0.09489
  0.2774
  0.3431
 -0.3395
  -1.004
 -0.9438
 -0.3255
  0.4446
  0.7345
   0.201
 -0.3173
 0.08077
  0.9354
  0.6881
 -0.2112
 -0.7321
  -0.942
 -0.7072
 0.04499
  0.5631
  0.4891
  0.6789
   0.925
   0.363
 -0.2113
 -0.5198
 -0.6196
  -0.373
  0.1412
   0.613
  0.4648
-0.05356
 -0.6256
 -0.7929
 -0.4323
 -0.1121
   0.557
   1.337
  0.6323
 -0.5629
 -0.9856
 -0.7603
  0.1121
   1.144
    1.35
  0.9073
  0.3083
 -0.8288
   -1.48
   -1.01
 -0.4917
-0.08341
  0.1614
 -0.3182
 -0.6402
-0.04645
  0.2644
-0.01465
  0.1099
-0.06038
 -0.5995
 0.08603
  0.5866
-0.02267
 0.01236
  0.1972
 -0.4665
  -0.335
  0.5628
  0.3599
-0.06589
  0.2727
  0.3096
    0.37
  0.8108
  0.4157
 -0.7204
  -1.086
 -0.3876
  0.3266
  0.7065
  0.5162
 0.06858
 -0.1373
 -0.1872
  0.2862
  0.4735
 -0.1917
 -0.8904
 -0.9449
 -0.8075
 -0.7718
  0.1463
  0.8808
   1.014
  0.5112
 -0.2413
  0.1343
  0.8682
   1.005
  0.6779
  0.2062
 -0.8057
  -1.535
 -0.9234
  0.0373
