  0.7356
  0.5665
   1.593
   1.594
  0.1891
 -0.9299
 -0.8319
 -0.9054
 -0.8882
  -1.489
 -0.1172
  0.9381
  -0.114
  -1.043
 -0.4915
  0.4537
  0.2159
  0.7244
   1.706
   1.652
  0.9107
  0.2307
 -0.1391
  0.1724
 -0.3791
 -0.9056
  -0.464
  -1.037
 -0.7482
 0.02683
  0.1535
  0.9308
   1.671
  0.8929
 0.09255
  -0.489
  -0.674
 -0.5484
  -0.587
  0.3154
   0.681
 -0.1056
 -0.9051
 -0.9631
  -0.612
 -0.7793
 -0.7645
 -0.8295
  -0.867
 -0.5233
 -0.9235
 -0.2527
  0.0847
 -0.1796
  0.4387
  0.4444
  0.8721
  0.4089
 -0.7506
 -0.1798
 -0.5661
-0.04125
 -0.8713
 -0.4297
 -0.2702
 0.09325
  0.7182
  0.4244
  -0.137
   1.274
  0.8886
  0.6768
  0.6461
  0.8347
   1.411
  0.8092
 -0.4059
  0.5954
  0.4341
 0.08397
  -0.842
 -0.2269
  0.8172
  0.1716
 -0.4476
 -0.8057
 -0.5167
  -0.561
  -1.073
 -0.3793
   1.023
    0.41
  0.1641
  0.2867
  0.8313
  0.6874
 -0.2404
  -0.323
  0.2354
  0.4139
  0.1678
  0.3165
 -0.5838
 -0.4934
  0.1061
 0.02787
-0.07753
  0.2468
   1.249
   2.086
  0.8594
  0.4122
  0.5414
 -0.1219
  -0.407
-0.01839
 -0.8979
   -1.19
  -1.455
  -1.197
-0.09964
 -0.2845
 -0.6959
 -0.2291
 -0.9816
 -0.9339
  -1.734
  -2.156
 0.01116
   1.419
   1.585
   1.497
  0.5834
   1.195
  0.7167
 -0.7877
  -1.415
 -0.2739
  0.6512
   0.916
   1.358
   1.318
   1.757
   1.319
  0.7461
 0.05344
  0.1338
 -0.9461
 -0.8877
  -1.044
  -1.318
  -1.932
 -0.3305
-0.03952
    1.47
   1.321
  0.5713
  0.2468
  0.0551
-0.02083
  0.4508
 -0.2627
 -0.3193
 -0.4967
 -0.3817
 -0.3018
-0.02736
 0.08509
  0.9591
   1.581
   1.765
 0.02361
  -1.271
  -1.308
  -1.141
  -1.092
  -1.049
  -1.599
  -1.204
  0.4314
 -0.1417
  0.4484
   1.153
   1.229
   1.198
  0.7541
 -0.9212
 -0.3076
  -1.617
 -0.8762
-0.05063
   1.272
   1.721
   2.134
   1.848
   2.091
  0.5274
 -0.9311
  -1.544
  -2.125
  -2.286
   -2.71
   -1.57
 -0.4984
   1.245
  0.8521
    1.43
  0.8492
   1.593
  0.2173
 -0.5028
  -1.455
 -0.2191
 -0.9167
  0.1412
 -0.2252
  0.6794
  0.1621
 -0.2656
  0.1332
 -0.4079
 -0.6885
 -0.6504
  0.1942
   1.332
   1.479
   0.803
   1.377
   1.267
  0.3027
  -1.323
  -2.006
  -1.111
  -0.919
 -0.5686
  0.1181
   1.619
   1.975
    2.14
  0.7448
  -0.149
-0.02295
 -0.4857
 -0.6927
   -1.05
  0.1895
   1.116
   1.089
  0.3506
  0.1524
 -0.9681
  -1.587
  -2.792
  -1.806
   -1.01
  0.5479
   1.971
   1.995
   2.366
   1.305
  0.3833
  -1.315
  -2.193
  -2.152
  -1.598
  -2.203
 -0.8766
 -0.6008
   1.641
   1.439
   2.342
   2.032
   1.515
  0.7353
 -0.4718
 -0.3289
  0.4496
  0.2679
  0.7403
  0.7404
 -0.1639
 0.01407
 -0.3924
  -1.164
 -0.4504
   0.782
  0.3261
  0.3822
 -0.9624
  -1.533
 -0.5184
-0.01993
    0.13
   1.112
   1.873
   2.426
   1.757
-0.04064
 -0.7539
  -1.443
  -2.025
  -2.409
  -1.779
  -0.376
  0.5039
   1.309
  0.8534
  0.4494
  0.6805
  0.5009
 0.03421
  0.8419
-0.04407
  0.8599
  0.4012
  0.3883
 -0.2341
 -0.7253
 -0.7042
  -1.079
  -2.388
  -1.927
 -0.4178
 0.05709
 -0.1131
  0.1087
  0.8239
 0.05223
  -0.627
 -0.2863
   0.961
   1.104
  0.8657
  0.9034
   1.232
  0.3457
  0.4173
 -0.6068
  -1.144
 -0.6137
 -0.5963
 -0.5214
  0.5645
   1.043
  0.9945
 0.08445
 -0.5733
  0.1975
 -0.2643
 -0.2673
  0.5256
  0.7188
   1.027
  0.2864
  -1.043
  -1.648
  -1.762
 -0.5366
  0.7443
   0.144
  0.8804
   1.342
  0.6935
 -0.3111
 -0.8507
 -0.6588
-0.00673
 0.07315
  0.3369
  0.9179
  0.2731
  0.5096
 -0.2582
  0.1264
-0.05868
  0.6097
  0.9681
  0.3702
  0.3542
  0.4637
  0.3691
  0.6012
  0.7014
  0.7669
  0.4757
  0.3436
 -0.2761
 -0.9964
  -1.139
  -1.359
  -1.089
-0.04432
 -0.2163
  0.5567
  0.8717
  0.3471
 0.09353
 -0.4208
  -1.955
  -1.718
 -0.6722
 -0.7403
   1.045
   1.314
   1.943
   1.738
  0.4783
  0.1548
  0.1286
  -1.743
  -2.039
  -1.934
 -0.8175
  -1.055
 -0.6924
  0.4268
   1.337
  0.6741
  0.1312
  0.3108
  0.4796
 0.05402
 -0.2704
  0.1683
    0.83
   1.133
   1.266
   1.021
  0.2973
 -0.7087
  -1.044
 -0.5684
  -1.483
  -1.893
 -0.8698
 -0.3095
 -0.7747
 -0.7178
 -0.8531
 -0.4389
  0.2704
 -0.2723
 -0.3909
 -0.1951
 -0.6947
 -0.8904
 -0.6806
  0.1562
   1.005
   1.201
   1.485
   1.314
  0.3312
 -0.2853
 -0.1613
 0.03926
-0.08349
  0.3524
   1.068
  0.5686
 -0.4523
 -0.7256
 -0.6068
 -0.1953
  0.7487
 0.02602
   1.088
  0.8514
  0.6375
  0.3774
 -0.2995
  -0.634
  0.5736
  -0.918
  -1.083
 -0.4604
 -0.2198
-0.09772
  0.6217
  0.5479
    1.71
   1.422
  0.5292
  0.4083
 -0.9871
 -0.6453
   0.234
 -0.1727
 -0.3206
 -0.2513
 -0.4184
  0.4937
 -0.9124
 -0.3619
 -0.4856
  0.3215
  0.8813
  0.5763
  0.6002
   1.745
   1.963
   1.389
  0.2039
  -1.316
 -0.6639
 -0.9761
  -1.722
  -1.721
 -0.2797
 -0.5564
  -1.031
  -1.826
  -1.264
 -0.9829
  -1.203
 -0.8427
  0.4836
  0.8845
  0.3794
  0.7925
  0.4868
  0.5996
 -0.3094
   0.098
  0.5769
    1.19
   1.237
   0.652
    0.34
 -0.2622
 -0.3955
  0.4086
  0.2669
  0.2462
  0.6543
 -0.2925
 -0.1376
  -1.807
  -1.534
  -0.321
 -0.3053
  0.7091
   1.922
    2.21
   2.247
  0.5961
  0.8799
  0.2112
    -1.1
 -0.8813
    -1.1
 -0.3463
  0.4391
 -0.5748
  0.5804
  0.9832
  0.5496
    1.28
  0.9626
  0.9481
  0.8802
  0.1808
 -0.7149
   -1.61
  -1.945
 -0.7854
  -1.522
  -1.642
  -1.314
 -0.5236
 -0.6697
-0.003554
  0.6895
   2.177
   1.479
  0.8402
 -0.1274
  -1.171
  -1.853
  -1.006
  0.4395
   2.214
   1.895
   1.752
   1.258
  0.1126
 -0.1814
 -0.5696
 -0.2331
   1.072
   1.009
 -0.2351
 0.08384
-0.008679
 0.07404
 -0.6343
 -0.8833
  -1.341
 -0.3859
 -0.1281
 -0.5751
 -0.7261
  0.1406
 -0.4795
-0.04976
  -1.135
 0.05755
 0.04707
  0.3594
  0.1622
  0.9596
  0.3335
   0.439
 -0.5459
 0.07736
  -1.119
 -0.3757
  -0.634
 -0.4105
-0.08997
 0.09972
 -0.6878
 -0.7821
  -1.089
  0.3664
-0.05465
  0.2656
   1.518
   1.594
  0.1637
 -0.5346
 -0.2538
  0.3125
 -0.3819
  0.2803
   1.187
  0.6821
 -0.3453
 -0.9366
  -0.978
  -1.766
 -0.8184
 -0.1252
   0.443
   0.021
 0.04503
-0.05358
 -0.2293
  -1.386
 -0.1292
  0.8058
  0.8792
   1.064
   1.333
   2.118
   2.061
    1.01
  0.7377
  0.1726
-0.03942
  -1.324
  -2.478
   -1.17
 -0.3227
  0.4313
   1.595
  0.9786
  0.5332
-0.07477
  -1.117
 -0.7633
 -0.4836
  0.1305
   1.132
   1.324
  0.4364
  0.2052
 -0.4839
  0.2357
-0.05172
 -0.6205
  -1.138
 -0.3561
  -1.062
 -0.8699
  -1.383
    0.33
 -0.1378
  0.2394
 -0.1358
   1.088
   1.287
  0.7731
 -0.7439
 -0.6015
 -0.7554
 -0.2863
  0.4931
   1.153
   2.324
   1.372
   1.285
-0.04116
-0.04732
  -1.188
 -0.9491
 -0.7899
 -0.9492
  -1.556
 -0.5359
 -0.1213
  0.1005
 -0.2332
  0.5938
     1.4
  0.2629
 -0.1573
-0.02859
  0.4372
 -0.6209
  -1.309
  -1.103
 -0.9512
  -1.371
   -1.21
  -0.482
  0.6381
   1.107
  0.6742
  0.3541
  0.8754
  0.4624
 -0.9151
  -0.178
  0.9846
   1.314
  0.5327
 -0.5932
  0.1915
  0.6145
 -0.9831
-0.06769
  0.7805
  0.8758
 -0.1428
 -0.6319
 -0.9849
  0.1652
 -0.8806
 -0.3401
  0.7357
   1.575
   0.446
   1.058
 0.07835
  0.7561
 -0.8812
  -1.473
  -1.595
 -0.4269
  -1.291
  0.1149
 -0.3635
  0.5035
   1.054
   1.665
  0.7103
   1.253
   1.141
  0.9644
 -0.9096
   -1.58
  -1.523
  -0.936
 -0.8426
 -0.5793
 -0.4574
  0.6628
  0.7832
  0.0683
 -0.1245
  -0.427
  -0.105
 -0.7643
  -1.167
 -0.9042
 -0.5982
  0.5522
  0.7738
   1.183
  0.8803
-0.003472
  0.4577
 -0.1563
 -0.1869
  0.2577
 0.09861
  0.8257
   0.677
-0.01507
 -0.4141
  -1.403
 -0.3242
 -0.3369
 -0.4891
 -0.3153
  0.7791
   1.158
   1.643
 0.002385
 -0.1281
 -0.1147
  -1.138
 -0.8185
 0.07597
 -0.1698
-0.01956
   0.575
 -0.5406
 -0.0442
 -0.7975
 0.09681
   1.203
   1.113
 -0.1019
 0.04721
 -0.9541
   -1.55
 -0.8481
  -0.364
 0.02792
 -0.0626
  0.6882
  0.6081
  0.1146
 -0.8799
  0.5464
   1.334
  0.8769
  0.7322
  0.1291
  0.9706
  0.9932
 0.09741
 -0.1733
 -0.6525
 -0.6904
  -0.814
   -2.47
  -2.611
 -0.8324
  0.2614
   1.874
   1.565
   2.066
   1.966
   1.212
  0.6314
-0.06114
 -0.4304
 -0.1664
  -1.299
   -1.72
 -0.8298
-0.09989
   1.015
  0.9392
   0.621
  0.9468
  0.6133
  -0.961
  -1.012
 -0.8261
  0.6615
   1.352
  0.3688
 -0.6843
  -0.101
  0.1571
  0.5401
 0.002141
  0.4027
  0.8478
 0.04109
 -0.4739
 -0.4072
  -1.259
 -0.5179
  0.7698
   0.555
   1.053
 -0.3322
  -1.017
 -0.3311
   -1.56
  -1.697
 -0.0677
  0.6823
   1.583
  0.7703
 -0.0274
  0.1904
 -0.7887
 -0.4984
 -0.7028
   0.418
   1.038
  0.5854
  0.8719
 -0.3698
  -1.721
  -1.742
 -0.7255
  0.3087
  0.1796
 -0.3524
   1.155
   0.489
  0.5569
  -1.135
-0.05023
  0.2543
  0.3687
 -0.8255
 0.09311
      -1
 -0.9585
 -0.8684
 -0.3315
 -0.2975
 0.03419
 -0.3145
  0.5922
  0.8341
  0.6898
   1.655
   2.215
   1.329
  0.6013
  -0.877
  -1.937
  -1.966
  -1.978
 -0.6878
 0.02494
   0.535
  0.7507
  0.5218
 -0.2829
  -1.037
 -0.6252
  0.7777
  0.6327
  0.2576
  0.1392
    0.82
   1.183
  0.7781
 0.02734
  0.8133
  0.4011
  -0.529
  -1.621
  -1.082
 -0.9109
 0.02751
 -0.4932
-0.05763
  0.7936
 0.07109
 -0.3341
  0.4683
 -0.5764
  -0.889
  -1.088
 -0.6224
  0.6798
  0.2717
  -0.146
  0.6889
  0.8853
-0.05253
 -0.9648
 -0.7387
  0.6996
  0.4927
-0.04124
  0.6283
   1.382
   1.474
    0.33
 -0.8215
  0.2885
-0.08336
  -1.358
 -0.9706
-0.04184
-0.06445
  0.2088
  0.2517
  0.1805
